21
29
19
71
44
26
84
88
27
55
11
91
44
88
44
18
23
44
17
66
33
15
18
64
99
99
77
59
34
77
91
77
46
99
66
98
67
72
67
62
68
45
25
14
22
55
53
44
11
89
72
21
98
77
99
41
88
14
58
33
55
87
23
15
55
18
87
68
93
28
86
55
86
26
81
58
55
55
35
68
24
92
66
63
94
18
54
11
23
88
31
43
38
27
33
71
77
99
99
19
99
31
56
66
77
73
44
55
22
33
32
25
95
94
75
53
65
11
88
28
99
42
64
13
31
88
22
33
33
81
99
38
88
61
84
77
62
22
22
11
17
69
77
55
44
11
65
77
22
44
66
35
29
99
41
15
12
33
15
22
33
99
77
44
31
24
66
55
88
16
22
66
95
48
68
35
88
91
68
54
27
41
33
68
66
16
45
36
68
99
22
55
87
72
97
44
99
55
82
66
66
13
16
77
97
99
84
55
57
99
66
77
56
88
42
68
43
28
88
66
77
12
22
22
49
99
66
33
59
55
99
44
88
44
33
79
88
23
44
48
62
88
27
42
42
77
88
94
27
13
58
42
18
58
55
68
77
29
27
55
16
43
55
45
47
33
79
66
66
19
81
64
76
84
15
44
11
66
16
88
77
23
83
67
77
29
91
88
56
33
66
54
77
39
11
33
55
34
66
78
22
35
44
11
23
88
37
19
66
54
34
88
84
66
33
17
99
77
88
46
33
63
11
22
77
99
57
88
19
88
24
77
54
88
48
89
83
23
55
14
87
15
16
19
72
18
29
36
87
51
59
62
88
55
99
86
44
88
18
33
95
25
55
24
22
47
37
12
76
99
88
22
15
99
24
26
57
47
72
42
87
17
88
99
37
94
77
88
55
11
31
47
77
32
64
33
33
27
66
31
95
88
27
72
55
25
45
44
12
32
16
22
44
88
33
44
55
98
94
44
19
54
16
48
13
66
29
22
14
44
16
16
91
24
81
43
17
22
99
92
96
82
13
45
88
42
33
56
25
38
33
22
27
38
61
48
77
32
55
48
92
16
22
36
84
72
85
22
15
11
22
44
41
22
49
88
77
38
21
34
29
29
88
88
77
86
66
22
16
19
87
66
66
88
27
22
23
27
84
66
33
42
72
25
22
99
35
18
38
42
47
97
73
44
22
52
11
33
77
88
19
39
26
99
59
66
58
88
49
22
77
79
11
77
99
68
15
84
82
28
66
22
84
57
23
72
47
14
77
41
53
58
41
49
81
22
88
97
53
44
88
22
72
44
88
87
55
83
66
49
79
35
55
68
99
38
33
64
88
35
77
34
29
22
11
77
99
73
73
29
42
62
11
48
13
11
19
92
93
38
97
55
51
23
33
25
38
89
33
54
78
35
36
37
94
11
22
64
41
77
14
29
77
69
19
22
91
88
11
77
29
28
79
44
36
77
44
88
11
33
48
22
24
55
91
19
33
24
99
96
27
11
23
45
55
54
17
45
68
61
55
13
69
28
41
11
27
77
22
38
33
63
56
32
44
51
98
11
77
11
87
13
77
68
96
33
14
82
44
33
77
14
66
77
19
16
88
88
38
96
24
27
99
98
22
57
79
44
86
52
33
41
22
51
62
22
44
33
62
38
15
68
69
31
33
28
44
27
88
92
31
27
31
15
11
99
27
55
22
93
14
11
66
22
94
28
46
55
66
47
43
64
99
24
44
27
99
77
99
77
35
99
83
77
21
11
29
33
39
88
53
52
44
15
78
31
88
12
44
99
86
33
88
23
65
22
32
19
77
77
99
64
31
77
66
29
81
44
74
88
33
66
14
95
24
22
14
41
99
44
13
44
16
22
67
22
22
66
81
99
99
81
15
22
86
37
66
11
77
88
13
55
14
37
94
33
32
25
16
99
99
16
64
37
66
26
58
67
99
21
66
55
19
68
22
18
72
77
33
82
22
17
63
67
55
77
11
44
62
99
88
59
22
29
16
66
54
34
34
77
28
54
14
31
66
18
39
63
18
49
99
76
41
85
37
25
66
22
55
12
43
55
55
14
21
19
69
93
15
49
11
84
11
47
99
41
17
19
33
17
32
88
15
11
22
77
45
29
47
93
88
12
88
66
33
46
91
77
18
66
11
55
57
58
66
11
99
18
35
39
48
73
49
99
88
22
55
88
44
66
55
66
12
77
41
89
88
11
55
44
12
76
99
44
13
66
55
11
57
11
77
99
12
44
51
66
48
18
33
88
99
14
36
32
24
26
88
39
44
66
51742